# Created by Octave 4.4.1, Fri Apr 12 16:48:39 2019 PDT <chandra@whale>
# name: x
# type: int16 matrix
# ndims: 2
 15001 1
 30
 39
 26
 35
 30
 9
 26
 22
 9
 9
 16
 13
 5
 9
 9
 9
 -2
 -2
 -6
 -2
 5
 -6
 -6
 -6
 -6
 -19
 1
 -23
 -14
 -23
 -19
 -19
 -27
 -34
 -34
 -34
 -27
 -31
 -34
 -44
 -61
 -44
 -40
 -36
 -36
 -40
 -40
 -40
 -34
 -40
 -27
 -44
 -40
 -44
 -48
 -44
 -53
 -48
 -51
 -57
 -68
 -65
 -82
 -78
 -70
 -82
 -85
 -82
 -95
 -102
 -95
 -104
 -112
 -119
 -108
 -108
 -119
 -125
 -129
 -121
 -136
 -133
 -138
 -136
 -150
 -129
 -138
 -142
 -142
 -129
 -136
 -133
 -133
 -121
 -116
 -125
 -108
 -108
 -95
 -87
 -85
 -99
 -87
 -85
 -91
 -74
 -74
 -78
 -51
 -68
 -53
 -65
 -51
 -48
 -48
 -44
 -48
 -44
 -48
 -40
 -48
 -36
 -36
 -36
 -36
 -23
 -34
 -10
 -17
 -14
 -17
 -19
 -19
 -10
 0
 -10
 -2
 9
 0
 9
 18
 16
 30
 26
 33
 33
 35
 35
 50
 47
 52
 43
 56
 43
 52
 50
 52
 52
 50
 52
 60
 56
 60
 69
 64
 77
 73
 81
 81
 67
 77
 56
 64
 73
 56
 52
 69
 64
 52
 56
 52
 50
 39
 33
 33
 26
 16
 22
 18
 13
 5
 0
 -2
 -2
 0
 -14
 -17
 -17
 -40
 -34
 -27
 -40
 -61
 -57
 -48
 -61
 -65
 -61
 -70
 -70
 -61
 -68
 -70
 -85
 -95
 -85
 -102
 -104
 -102
 -104
 -102
 -116
 -108
 -104
 -112
 -108
 -104
 -108
 -116
 -104
 -99
 -95
 -91
 -87
 -99
 -85
 -85
 -74
 -78
 -70
 -78
 -68
 -57
 -65
 -48
 -68
 -78
 -82
 -82
 -74
 -78
 -74
 -68
 -65
 -85
 -74
 -74
 -74
 -68
 -78
 -57
 -61
 -82
 -74
 -65
 -70
 -78
 -61
 -51
 -51
 -40
 -48
 -27
 -23
 -44
 -27
 -10
 -10
 -17
 -6
 5
 1
 16
 22
 1
 9
 16
 9
 -6
 5
 22
 16
 13
 0
 1
 1
 9
 -6
 -27
 -10
 0
 -19
 -34
 -10
 -14
 -27
 -40
 -19
 -19
 -2
 -14
 -27
 -34
 -34
 -34
 -19
 -31
 -14
 9
 -17
 -27
 -19
 -14
 -34
 -40
 -23
 -31
 -27
 -14
 -2
 0
 -27
 -44
 -36
 -19
 -31
 -17
 1
 5
 -17
 -6
 -6
 -19
 -17
 18
 26
 18
 -6
 -6
 -19
 -23
 -14
 -6
 -10
 1
 16
 5
 -23
 -14
 -34
 -34
 -19
 1
 -10
 0
 16
 16
 -36
 -48
 -2
 -19
 -27
 22
 50
 18
 -10
 -2
 -17
 -34
 13
 39
 9
 -14
 -27
 -53
 -95
 -68
 -23
 -6
 -61
 -44
 -27
 -99
 -136
 -99
 -82
 -91
 -99
 -70
 -53
 -102
 -136
 -150
 -129
 -91
 -68
 -61
 -53
 -65
 -133
 -184
 -136
 -44
 -78
 -99
 -85
 -70
 -136
 -125
 -99
 -40
 -65
 -85
 -44
 -40
 -142
 -159
 -48
 13
 -70
 -68
 22
 -27
 -104
 -116
 -17
 5
 -44
 -6
 22
 -65
 -136
 -68
 39
 13
 -40
 26
 1
 -85
 -91
 -17
 67
 22
 16
 16
 16
 -10
 -87
 -34
 94
 81
 -36
 67
 120
 -40
 -112
 56
 86
 -19
 26
 86
 -27
 -48
 77
 30
 -27
 47
 60
 -68
 -40
 67
 64
 -10
 26
 73
 18
 -53
 -51
 64
 98
 77
 50
 84
 5
 -102
 -48
 118
 101
 33
 60
 39
 -34
 -23
 77
 56
 -31
 -10
 0
 -74
 9
 120
 22
 39
 -44
 -129
 -116
 -65
 50
 196
 56
 -36
 0
 -125
 -248
 -23
 103
 -17
 -99
 -48
 -116
 -51
 33
 -27
 -61
 -78
 -206
 -142
 77
 94
 22
 -119
 -214
 -155
 -170
 -167
 56
 118
 -82
 -133
 -193
 -231
 -129
 67
 -34
 -121
 -136
 -189
 -153
 16
 -19
 -87
 -184
 -316
 -197
 101
 84
 43
 -6
 -303
 -286
 -121
 -68
 -51
 -19
 39
 -51
 -221
 -176
 -36
 18
 -85
 -167
 -248
 -136
 1
 166
 84
 -244
 -323
 -235
 -27
 196
 43
 -57
 -68
 -189
 -180
 86
 77
 -119
 -51
 43
 50
 -74
 9
 149
 124
 -44
 -257
 -146
 222
 332
 175
 -70
 -227
 -17
 118
 22
 73
 98
 -176
 -61
 222
 94
 -95
 77
 26
 -119
 -99
 0
 90
 183
 98
 -172
 -155
 -19
 103
 213
 152
 -244
 -163
 254
 84
 -85
 -129
 -19
 186
 50
 -125
 69
 137
 -104
 -51
 98
 -136
 -187
 336
 349
 -221
 -238
 13
 162
 86
 -57
 -176
 50
 213
 50
 -78
 -85
 64
 132
 -14
 -6
 -150
 43
 203
 -61
 -2
 288
 0
 -261
 98
 101
 -221
 -40
 383
 200
 -374
 -204
 341
 243
 -299
 -193
 111
 254
 84
 -102
 -78
 1
 1
 -48
 -68
 -104
 69
 264
 -108
 -493
 -74
 494
 50
 -716
 -155
 430
 -48
 -622
 -255
 302
 281
 -455
 -393
 -95
 -51
 -2
 -31
 -278
 -397
 192
 260
 -527
 -710
 324
 424
 -659
 -693
 196
 638
 -510
 -648
 -68
 390
 -197
 -533
 -333
 73
 332
 -138
 -384
 -291
 35
 137
 -308
 -486
 -193
 434
 -6
 -605
 -393
 522
 137
 -792
 -537
 404
 437
 -489
 -380
 -65
 339
 0
 -405
 -393
 64
 417
 -87
 -459
 -269
 460
 220
 -540
 -482
 341
 562
 -405
 -567
 132
 777
 -155
 -629
 -159
 570
 183
 -329
 -121
 120
 379
 81
 -363
 -316
 566
 407
 -523
 -523
 713
 747
 -571
 -512
 528
 753
 -308
 -425
 128
 794
 234
 -388
 -146
 481
 532
 -53
 -431
 149
 849
 118
 -608
 5
 940
 222
 -625
 -265
 764
 437
 -478
 -363
 536
 679
 -255
 -622
 268
 970
 -121
 -703
 52
 800
 205
 -631
 -282
 872
 322
 -676
 -410
 628
 560
 -459
 -605
 460
 638
 -512
 -614
 230
 740
 -210
 -720
 -155
 821
 52
 -673
 -418
 645
 383
 -680
 -693
 783
 443
 -744
 -601
 630
 556
 -580
 -720
 409
 764
 -567
 -852
 169
 957
 -367
 -986
 -14
 1021
 -312
 -1060
 -146
 1096
 -102
 -1173
 -333
 1004
 -95
 -1043
 -388
 985
 67
 -1158
 -486
 974
 9
 -1213
 -503
 991
 179
 -1173
 -673
 1062
 256
 -1162
 -731
 1104
 390
 -1356
 -682
 1242
 315
 -1464
 -601
 1308
 290
 -1515
 -537
 1342
 137
 -1467
 -435
 1372
 39
 -1509
 -346
 1330
 -129
 -1382
 -214
 1240
 -238
 -1382
 -125
 1287
 -388
 -1352
 47
 1310
 -550
 -1399
 217
 1342
 -737
 -1396
 604
 1223
 -978
 -1237
 1019
 957
 -1318
 -1022
 1457
 532
 -1633
 -459
 1767
 -136
 -1620
 118
 1649
 -557
 -1450
 481
 1457
 -771
 -1207
 838
 1206
 -1037
 -1003
 1253
 930
 -1390
 -520
 1610
 268
 -1420
 -36
 1653
 -265
 -1213
 587
 1415
 -782
 -969
 1130
 1076
 -1156
 -635
 1585
 454
 -1369
 -6
 1870
 -223
 -1513
 681
 1819
 -1060
 -1220
 1670
 1259
 -1752
 -478
 2295
 247
 -1954
 471
 2327
 -795
 -1751
 1538
 1712
 -1679
 -856
 2191
 383
 -1981
 387
 2244
 -971
 -1628
 1529
 1364
 -1896
 -561
 2040
 9
 -1871
 560
 1712
 -1080
 -1314
 1525
 791
 -1743
 -269
 1742
 -482
 -1475
 808
 1032
 -1277
 -659
 1483
 -74
 -1603
 392
 1347
 -1094
 -1037
 1215
 307
 -1522
 73
 1287
 -910
 -1128
 1121
 515
 -1637
 -95
 1330
 -682
 -1343
 994
 536
 -1615
 -218
 1432
 -901
 -1369
 1042
 532
 -1713
 -163
 1236
 -918
 -1158
 998
 234
 -1649
 107
 1172
 -1067
 -1128
 1168
 77
 -1632
 132
 1198
 -1207
 -850
 1042
 -170
 -1301
 426
 675
 -1145
 -495
 1042
 -622
 -1067
 638
 451
 -1301
 -167
 889
 -665
 -931
 936
 47
 -1311
 322
 957
 -1131
 -724
 1104
 -14
 -1141
 115
 936
 -901
 -482
 849
 -70
 -1118
 726
 349
 -941
 175
 947
 -886
 -639
 1144
 18
 -971
 162
 875
 -799
 -150
 923
 -563
 -665
 1168
 -306
 -499
 392
 702
 -859
 -153
 858
 -19
 -669
 230
 696
 -859
 726
 545
 -1260
 539
 698
 -444
 -240
 366
 468
 -673
 379
 230
 322
 -829
 787
 -252
 84
 624
 -869
 781
 226
 -388
 171
 50
 477
 -478
 641
 -291
 730
 -465
 447
 124
 -176
 821
 -969
 1276
 -303
 -214
 583
 162
 217
 -605
 998
 -391
 400
 -516
 824
 -85
 -201
 600
 -869
 1308
 -842
 196
 268
 -240
 468
 -506
 579
 -527
 611
 -495
 220
 30
 -14
 98
 -520
 1249
 -1241
 613
 -129
 -261
 492
 -448
 430
 -767
 834
 -648
 322
 -329
 256
 -150
 -452
 562
 -825
 1011
 -1124
 222
 196
 -184
 -325
 -421
 726
 -782
 56
 -648
 896
 -1046
 200
 -614
 341
 77
 -1311
 817
 -533
 260
 -975
 447
 -499
 124
 -469
 -455
 77
 111
 -272
 -1067
 953
 -1020
 488
 -988
 69
 205
 -629
 -340
 -252
 590
 -1216
 230
 -278
 345
 -1139
 271
 -438
 477
 -567
 -775
 621
 -591
 437
 -1224
 511
 -85
 -31
 -937
 600
 -221
 -136
 -601
 118
 498
 -995
 681
 -1073
 1121
 -937
 -2
 -36
 505
 -676
 -125
 264
 400
 -427
 -676
 849
 -19
 322
 -1475
 1372
 -238
 362
 -952
 651
 345
 60
 -869
 562
 747
 -520
 -442
 396
 1083
 -1250
 528
 -261
 1138
 -1063
 749
 -478
 706
 -374
 353
 -359
 947
 -618
 -116
 400
 736
 -363
 -954
 1347
 -85
 226
 -1009
 1274
 -340
 651
 -971
 868
 124
 579
 -1056
 532
 892
 -36
 -767
 396
 1342
 -799
 -108
 277
 1198
 -1033
 349
 -36
 1070
 -884
 468
 -325
 1100
 -605
 -74
 26
 1089
 -656
 -710
 885
 764
 -986
 -320
 862
 379
 -608
 -782
 1666
 -635
 -6
 -937
 1827
 -924
 -193
 -442
 1444
 -937
 60
 -578
 1670
 -1420
 33
 22
 1279
 -1447
 -427
 760
 851
 -1535
 -506
 1121
 743
 -1926
 -367
 1368
 370
 -1926
 -227
 1593
 -325
 -1413
 -95
 1742
 -1318
 -748
 373
 968
 -1369
 -408
 579
 305
 -1114
 -2
 135
 651
 -1756
 103
 1028
 -223
 -2334
 1389
 960
 -1569
 -1135
 1976
 -291
 -2440
 940
 1232
 -1288
 -1396
 1389
 458
 -1768
 -384
 872
 528
 -1854
 -557
 1565
 -516
 -1271
 -189
 1546
 -1399
 -1152
 1491
 -282
 -1603
 400
 872
 -380
